[ 
  any comments are here
  do not delete comments brackets ...
  
  obtained from Mark, oct 11th 2005

  Category Selection:
            1 - 'Vowel'
            2 - 'Consonant'
            3 - 'Nasal'
            4 - '/r/'
            5 - '/l/'
            6 - 'Nasalized vowel'
            7 - 'Nasals with sinus'
            
  explanation on area function
    17   number of sections
    1.0  length of each section
    2.1  1.1  2.3  2.88  4.3  5.0  1.7  2.1  3.  5.   area of each section
    6.5  8.0  9.2  9.5   9.   8.8  8.0
    
    or 
    17   number of sections
    1.0  1.0  1.0  1.0  1.0  1.0  1.0  1.0  1.0  1.0  1.0  1.0  1.0  1.0 1.0  1.0         length of each section
    2.1  1.1  2.3  2.88  4.3  5.0  1.7  2.1  3.  5. 6.5  8.0  9.2  9.5   9.   8.8  8.0    area of each section
            
]

Category_Selection: 4
Model_Selection: 2


[4] /r/
     'Sublingual_on_or_off'   0        [1 - on , 0 - off]

     'Main'
        58 
        3.4000000e-001  3.9000000e-001  3.9000000e-001  3.8000000e-001  3.8000000e-001  3.8000000e-001  3.6000000e-001  3.2000000e-001  3.2000000e-001  3.2000000e-001  3.4000000e-001  3.3000000e-001  3.3000000e-001  3.0000000e-001  3.0000000e-001  3.0000000e-001  3.0000000e-001  2.9000000e-001  2.9000000e-001  3.2000000e-001  3.2000000e-001  3.2000000e-001  3.2000000e-001  3.2000000e-001  3.4000000e-001  3.8000000e-001  3.4000000e-001  3.4000000e-001  3.4000000e-001  3.4000000e-001  3.3000000e-001  3.3000000e-001  3.1000000e-001  3.1000000e-001  3.1000000e-001  3.1000000e-001  3.1000000e-001  3.2000000e-001  3.2000000e-001  3.8000000e-001  3.8000000e-001  5.9000000e-001  5.5000000e-001  5.5000000e-001  4.7000000e-001  3.0000000e-001  3.0000000e-001  5.9000000e-001  5.9000000e-001  3.4000000e-001  3.4000000e-001  3.2000000e-001  3.5000000e-001  3.3000000e-001  6.1000000e-001  3.3000000e-001  3.0000000e-001  1.8000000e-001
        6.2400000e-001  9.2000000e-001  7.4900000e-001  6.3000000e-001  8.0900000e-001  1.3190000e+000  1.3820000e+000  2.6860000e+000  4.2480000e+000  3.8840000e+000  3.1220000e+000  1.6410000e+000  1.2560000e+000  7.1900000e-001  7.0600000e-001  7.2800000e-001  1.2950000e+000  1.5380000e+000  1.8900000e+000  2.0120000e+000  2.0790000e+000  2.1810000e+000  2.3630000e+000  2.6320000e+000  3.0050000e+000  2.9860000e+000  2.7110000e+000  3.1000000e+000  3.9480000e+000  3.4770000e+000  3.1120000e+000  2.9950000e+000  3.0770000e+000  3.2480000e+000  3.4720000e+000  3.7700000e+000  3.7870000e+000  3.4760000e+000  2.9220000e+000  1.5150000e+000  5.1300000e-001  6.4400000e-001  3.5750000e+000  7.3180000e+000  1.0409000e+001  1.3001000e+001  1.2702000e+001  1.2873000e+001  1.1691000e+001  1.0494000e+001  9.9470000e+000  9.1440000e+000  8.6250000e+000  5.3340000e+000  3.1420000e+000  2.5890000e+000  2.0760000e+000  1.9540000e+000
  
   
     'Sublingual'
        
     'SublingualLocation' 